7.916499999999999648e-01
5.579439999999999955e-01
6.505620000000000847e-01
6.289470000000000338e-01
2.734100000000000419e-01
5.998639999999999528e-01
1.743429999999999980e-02
4.989939999999999931e-01
5.656730000000000924e-01
8.052740000000000453e-01
3.064219999999999722e-01
7.040100000000000247e-01
2.452449999999999908e-01
3.480809999999999738e-01
4.900549999999999351e-02
2.764229999999999743e-01
1.675609999999999877e-01
1.934990000000000043e-01
2.625370000000000203e-01
2.800909999999999789e-01
5.016140000000000043e-01
6.834430000000000227e-01
1.291780000000000150e-01
3.015749999999999820e-01
1.798750000000000071e-01
1.586529999999999885e-01
5.968510000000000204e-01
4.573039999999999744e-02
2.332930000000000073e-02
5.179889999999999217e-01
1.907480000000000009e-01
3.024920000000000386e-01
