5.386870000000000269e-01
8.114310000000000134e-01
5.358049999999999757e-01
8.131340000000000234e-01
5.305649999999999533e-01
8.144439999999999458e-01
5.244079999999999853e-01
8.165400000000000436e-01
5.407830000000000137e-01
8.116929999999999978e-01
5.424860000000000237e-01
8.101209999999999800e-01
5.436650000000000649e-01
8.102519999999999722e-01
5.796900000000000386e-01
7.898160000000000736e-01
5.777249999999999330e-01
7.907329999999999082e-01
5.769389999999999796e-01
7.920429999999999415e-01
5.364600000000000479e-01
8.102519999999999722e-01
5.287309999999999510e-01
8.147060000000000413e-01
5.723539999999999184e-01
7.916499999999999648e-01
5.608259999999999357e-01
7.978069999999999329e-01
5.752359999999999696e-01
7.904709999999999237e-01
5.675069999999999837e-01
7.942700000000000315e-01
