-9.313147542400341816e-01 -3.637052145623949073e-01 1.927032524237817443e-02
-9.313105728696945418e-01 -3.637176395308076016e-01 1.923786774200410277e-02
-2.810638693826955983e-02 -9.771910119667186478e-01 -2.104940786453069201e-01
2.796716580302661265e-02 9.773359977973726798e-01 2.098384737038464232e-01
-8.356090616490216560e-02 9.924746267492966512e-01 -8.950804555873519142e-02
-9.424178713048111389e-01 -3.339090431155649630e-01 1.879645634039184277e-02
2.796832789729877464e-02 9.773357607025519034e-01 2.098394230991723619e-01
-9.424223942643152885e-01 -3.338940906865580094e-01 1.883525932160349040e-02
-8.356115417700289705e-02 9.924746230074825704e-01 -8.950785551426369835e-02
-9.424221895389793824e-01 -3.338947676548515986e-01 1.883350199162766442e-02
