3.053345922702266648e+02 1.799999999999999716e+02 2.655225866101591237e+02 1.688098346957372931e+00 1.575436050977927271e+00 1.012231335697003187e+00 5.366607594802547121e-01
6.315451493013890882e+01 4.965984058210325713e+01 1.855334267576239711e+02 4.924377489111038564e+00 1.694444201667104410e+00 6.986493908038667877e-01 8.794810372353369932e-01
5.724169269416266559e+01 1.386054971739236521e+02 2.647466440413366939e+01 1.312721982085438555e+00 1.852196915645184738e+00 9.586417831846287818e-01 5.348563660623021354e-01
3.012290040906950019e-28 3.019235231430929201e+00 1.453328384697396700e+02 4.827469434839271045e+00 1.578087986276750954e+00 1.007648681519188294e+00 5.355992165710571351e-01
3.098045762792489768e+02 3.944953098054806162e+01 2.018012832516803030e+02 4.454309736431484978e+00 1.289394159079672031e+00 9.586411906634351165e-01 5.348567391748164646e-01
1.392849434893060019e-31 3.551412234068434515e+01 1.913923400489141500e+02 4.564331624069754234e+00 1.512482638853822392e+00 9.301690344358811702e-01 5.724332504250871922e-01
6.315418076938270531e+01 4.965939773079219322e+01 1.855334671834613118e+02 4.924371911686458603e+00 1.694442957139987938e+00 6.986531940776983252e-01 8.794787715005361051e-01
5.724170696593899521e+01 1.386056109453235194e+02 2.647461867442527250e+01 1.312723715768708166e+00 1.852196346716720621e+00 9.586419849671633520e-01 5.348562355324503192e-01
3.052987376061059308e+02 1.799999999999780300e+02 2.654909683023170714e+02 1.688091281052616965e+00 1.575421317222619466e+00 1.012229419892305859e+00 5.366590653456922988e-01
2.835182228614367163e-29 3.019777816659461323e+00 1.453339013567320137e+02 4.827467583675846718e+00 1.578091151762027966e+00 1.007647382295356220e+00 5.355988082939668882e-01
