9.193519999999999470e+01 9.404869999999999663e+01 2.502334999999999923e+02 0.000000000000000000e+00 0.000000000000000000e+00 0.000000000000000000e+00
6.046100000000000030e+00 1.092169999999999952e+01 1.662743000000000109e+02 0.000000000000000000e+00 0.000000000000000000e+00 0.000000000000000000e+00
2.666906000000000176e+02 1.455581999999999994e+02 2.081596000000000117e+02 0.000000000000000000e+00 0.000000000000000000e+00 0.000000000000000000e+00
2.348111000000000104e+02 4.907019999999999982e+01 1.736762999999999977e+02 0.000000000000000000e+00 0.000000000000000000e+00 0.000000000000000000e+00
1.354896999999999991e+02 5.346079999999999899e+01 3.456379999999999768e+02 0.000000000000000000e+00 0.000000000000000000e+00 0.000000000000000000e+00
2.406480000000000175e+01 9.442079999999999984e+01 3.234866000000000099e+02 0.000000000000000000e+00 0.000000000000000000e+00 0.000000000000000000e+00
1.029791000000000025e+02 1.242074999999999960e+02 2.325930999999999926e+02 0.000000000000000000e+00 0.000000000000000000e+00 0.000000000000000000e+00
9.139950000000000330e+01 9.629229999999999734e+01 2.243489999999999895e+01 0.000000000000000000e+00 0.000000000000000000e+00 0.000000000000000000e+00
6.953100000000000591e+01 1.225046999999999997e+02 9.419910000000000139e+01 0.000000000000000000e+00 0.000000000000000000e+00 0.000000000000000000e+00
1.431947999999999865e+02 6.084689999999999799e+01 4.002949999999999875e+01 0.000000000000000000e+00 0.000000000000000000e+00 0.000000000000000000e+00
1.874604999999999961e+02 9.330670000000000641e+01 1.354000000000000057e+02 0.000000000000000000e+00 0.000000000000000000e+00 0.000000000000000000e+00
5.750220000000000198e+01 4.271150000000000091e+01 2.788501999999999725e+02 0.000000000000000000e+00 0.000000000000000000e+00 0.000000000000000000e+00
3.482672000000000025e+02 1.153987000000000052e+02 2.583820000000000050e+02 0.000000000000000000e+00 0.000000000000000000e+00 0.000000000000000000e+00
6.937550000000000239e+01 1.081059999999999945e+02 2.422155999999999949e+02 0.000000000000000000e+00 0.000000000000000000e+00 0.000000000000000000e+00
5.269000000000000350e-01 1.380280999999999949e+02 2.788501999999999725e+02 0.000000000000000000e+00 0.000000000000000000e+00 0.000000000000000000e+00
8.287030000000000030e+01 1.476466000000000065e+02 1.013089999999999975e+02 0.000000000000000000e+00 0.000000000000000000e+00 0.000000000000000000e+00
8.980159999999999343e+01 1.382532999999999959e+02 1.744253999999999962e+02 0.000000000000000000e+00 0.000000000000000000e+00 0.000000000000000000e+00
3.253387000000000171e+02 1.111157000000000039e+02 4.885220000000000340e+01 0.000000000000000000e+00 0.000000000000000000e+00 0.000000000000000000e+00
8.067749999999999488e+01 1.129414000000000016e+02 2.753910000000000124e+01 0.000000000000000000e+00 0.000000000000000000e+00 0.000000000000000000e+00
2.210160999999999945e+02 7.705190000000000339e+01 2.059808999999999912e+02 0.000000000000000000e+00 0.000000000000000000e+00 0.000000000000000000e+00
